155542
ROtclserve11150011212D 0   0.00000     0.000001049521
 
 31 32  0  0  0  0  0  0  0  0  1 V2000
    2.0000    0.0000    0.0000 C   0  0  0  0  0  0  0  0  0  0  0  0
    3.0000    0.0000    0.0000 C   0  0  1  0  0  0  0  0  0  0  0  0
    3.0000    1.0000    0.0000 N   0  0  0  0  0  0  0  0  0  0  0  0
    3.8660    1.5000    0.0000 C   0  0  0  0  0  0  0  0  0  0  0  0
    4.7321    1.0000    0.0000 C   0  0  0  0  0  0  0  0  0  0  0  0
    5.5981    1.5000    0.0000 C   0  0  0  0  0  0  0  0  0  0  0  0
    5.5981    2.5000    0.0000 C   0  0  0  0  0  0  0  0  0  0  0  0
    4.7321    3.0000    0.0000 C   0  0  0  0  0  0  0  0  0  0  0  0
    3.8660    2.5000    0.0000 C   0  0  0  0  0  0  0  0  0  0  0  0
    4.0000    0.0000    0.0000 C   0  0  0  0  0  0  0  0  0  0  0  0
    5.0000    0.0000    0.0000 N   0  0  0  0  0  0  0  0  0  0  0  0
    3.0000   -1.0000    0.0000 C   0  0  0  0  0  0  0  0  0  0  0  0
    2.1340   -1.5000    0.0000 C   0  0  0  0  0  0  0  0  0  0  0  0
    2.1340   -2.5000    0.0000 C   0  0  0  0  0  0  0  0  0  0  0  0
    3.0000   -3.0000    0.0000 C   0  0  0  0  0  0  0  0  0  0  0  0
    3.8660   -2.5000    0.0000 C   0  0  0  0  0  0  0  0  0  0  0  0
    3.8660   -1.5000    0.0000 C   0  0  0  0  0  0  0  0  0  0  0  0
    2.0000    0.6200    0.0000 H   0  0  0  0  0  0  0  0  0  0  0  0
    1.3800    0.0000    0.0000 H   0  0  0  0  0  0  0  0  0  0  0  0
    2.0000   -0.6200    0.0000 H   0  0  0  0  0  0  0  0  0  0  0  0
    2.4631    1.3100    0.0000 H   0  0  0  0  0  0  0  0  0  0  0  0
    4.7321    0.3800    0.0000 H   0  0  0  0  0  0  0  0  0  0  0  0
    6.1350    1.1900    0.0000 H   0  0  0  0  0  0  0  0  0  0  0  0
    6.1350    2.8100    0.0000 H   0  0  0  0  0  0  0  0  0  0  0  0
    4.7321    3.6200    0.0000 H   0  0  0  0  0  0  0  0  0  0  0  0
    3.3291    2.8100    0.0000 H   0  0  0  0  0  0  0  0  0  0  0  0
    1.5970   -1.1900    0.0000 H   0  0  0  0  0  0  0  0  0  0  0  0
    1.5970   -2.8100    0.0000 H   0  0  0  0  0  0  0  0  0  0  0  0
    3.0000   -3.6200    0.0000 H   0  0  0  0  0  0  0  0  0  0  0  0
    4.4030   -2.8100    0.0000 H   0  0  0  0  0  0  0  0  0  0  0  0
    4.4030   -1.1900    0.0000 H   0  0  0  0  0  0  0  0  0  0  0  0
  1  2  1  0  0  0  0
  2  3  1  0  0  0  0
  3  4  1  0  0  0  0
  4  5  2  0  0  0  0
  5  6  1  0  0  0  0
  6  7  2  0  0  0  0
  7  8  1  0  0  0  0
  8  9  2  0  0  0  0
  4  9  1  0  0  0  0
  2 10  1  0  0  0  0
 10 11  3  0  0  0  0
  2 12  1  0  0  0  0
 12 13  2  0  0  0  0
 13 14  1  0  0  0  0
 14 15  2  0  0  0  0
 15 16  1  0  0  0  0
 16 17  2  0  0  0  0
 12 17  1  0  0  0  0
  1 18  1  0  0  0  0
  1 19  1  0  0  0  0
  1 20  1  0  0  0  0
  3 21  1  0  0  0  0
  5 22  1  0  0  0  0
  6 23  1  0  0  0  0
  7 24  1  0  0  0  0
  8 25  1  0  0  0  0
  9 26  1  0  0  0  0
 13 27  1  0  0  0  0
 14 28  1  0  0  0  0
 15 29  1  0  0  0  0
 16 30  1  0  0  0  0
 17 31  1  0  0  0  0
M  END
> <NSC>
155542

> <CAS_RN>
17424-68-9

> <SMILES>
C[C](NC1=CC=CC=C1)(C#N)C2=CC=CC=C2

> <HASH>
4d5775e8d9fc4fd3

$$$$
155543
ROtclserve11150011212D 0   0.00000     0.000001049533
 
 31 32  0  0  0  0  0  0  0  0  1 V2000
    2.0000    1.8660    0.0000 N   0  0  0  0  0  0  0  0  0  0  0  0
    2.5000    1.0000    0.0000 C   0  0  0  0  0  0  0  0  0  0  0  0
    3.0000    0.1340    0.0000 C   0  0  0  0  0  0  0  0  0  0  0  0
    2.1340   -0.3660    0.0000 C   0  0  0  0  0  0  0  0  0  0  0  0
    2.1340   -1.3660    0.0000 C   0  0  0  0  0  0  0  0  0  0  0  0
    3.0000   -1.8660    0.0000 C   0  0  0  0  0  0  0  0  0  0  0  0
    3.8660   -1.3660    0.0000 C   0  0  0  0  0  0  0  0  0  0  0  0
    3.8660   -0.3660    0.0000 C   0  0  0  0  0  0  0  0  0  0  0  0
    3.5000    1.0000    0.0000 N   0  0  0  0  0  0  0  0  0  0  0  0
    4.5000    1.0000    0.0000 C   0  0  0  0  0  0  0  0  0  0  0  0
    5.0000    0.1340    0.0000 C   0  0  0  0  0  0  0  0  0  0  0  0
    6.0000    0.1340    0.0000 C   0  0  0  0  0  0  0  0  0  0  0  0
    6.5000    1.0000    0.0000 C   0  0  0  0  0  0  0  0  0  0  0  0
    6.0000    1.8660    0.0000 C   0  0  0  0  0  0  0  0  0  0  0  0
    5.0000    1.8660    0.0000 C   0  0  0  0  0  0  0  0  0  0  0  0
    1.9219    0.2166    0.0000 H   0  0  0  0  0  0  0  0  0  0  0  0
    1.5234   -0.4737    0.0000 H   0  0  0  0  0  0  0  0  0  0  0  0
    1.5234   -1.2584    0.0000 H   0  0  0  0  0  0  0  0  0  0  0  0
    1.9219   -1.9486    0.0000 H   0  0  0  0  0  0  0  0  0  0  0  0
    2.6015   -2.3410    0.0000 H   0  0  0  0  0  0  0  0  0  0  0  0
    3.3985   -2.3410    0.0000 H   0  0  0  0  0  0  0  0  0  0  0  0
    4.0781   -1.9486    0.0000 H   0  0  0  0  0  0  0  0  0  0  0  0
    4.4766   -1.2584    0.0000 H   0  0  0  0  0  0  0  0  0  0  0  0
    4.4766   -0.4737    0.0000 H   0  0  0  0  0  0  0  0  0  0  0  0
    4.0781    0.2166    0.0000 H   0  0  0  0  0  0  0  0  0  0  0  0
    3.1900    1.5369    0.0000 H   0  0  0  0  0  0  0  0  0  0  0  0
    4.6900   -0.4030    0.0000 H   0  0  0  0  0  0  0  0  0  0  0  0
    6.3100   -0.4030    0.0000 H   0  0  0  0  0  0  0  0  0  0  0  0
    7.1200    1.0000    0.0000 H   0  0  0  0  0  0  0  0  0  0  0  0
    6.3100    2.4030    0.0000 H   0  0  0  0  0  0  0  0  0  0  0  0
    4.6900    2.4030    0.0000 H   0  0  0  0  0  0  0  0  0  0  0  0
  1  2  3  0  0  0  0
  2  3  1  0  0  0  0
  3  4  1  0  0  0  0
  4  5  1  0  0  0  0
  5  6  1  0  0  0  0
  6  7  1  0  0  0  0
  7  8  1  0  0  0  0
  3  8  1  0  0  0  0
  3  9  1  0  0  0  0
  9 10  1  0  0  0  0
 10 11  2  0  0  0  0
 11 12  1  0  0  0  0
 12 13  2  0  0  0  0
 13 14  1  0  0  0  0
 14 15  2  0  0  0  0
 10 15  1  0  0  0  0
  4 16  1  0  0  0  0
  4 17  1  0  0  0  0
  5 18  1  0  0  0  0
  5 19  1  0  0  0  0
  6 20  1  0  0  0  0
  6 21  1  0  0  0  0
  7 22  1  0  0  0  0
  7 23  1  0  0  0  0
  8 24  1  0  0  0  0
  8 25  1  0  0  0  0
  9 26  1  0  0  0  0
 11 27  1  0  0  0  0
 12 28  1  0  0  0  0
 13 29  1  0  0  0  0
 14 30  1  0  0  0  0
 15 31  1  0  0  0  0
M  END
> <NSC>
155543

> <CAS_RN>
64269-06-3

> <SMILES>
N#CC1(CCCCC1)NC2=CC=CC=C2

> <HASH>
c781ab9a08893ae9

$$$$
155544
ROtclserve11150011212D 0   0.00000     0.000001049546
 
 31 32  0  0  0  0  0  0  0  0  1 V2000
    4.5981    1.7500    0.0000 C   0  0  0  0  0  0  0  0  0  0  0  0
    4.5981    0.7500    0.0000 N   0  0  0  0  0  0  0  0  0  0  0  0
    3.7321    0.2500    0.0000 C   0  0  2  0  0  0  0  0  0  0  0  0
    2.8660    0.7500    0.0000 C   0  0  0  0  0  0  0  0  0  0  0  0
    2.0000    1.2500    0.0000 N   0  0  0  0  0  0  0  0  0  0  0  0
    5.4641    2.2500    0.0000 C   0  0  0  0  0  0  0  0  0  0  0  0
    5.4641    3.2500    0.0000 C   0  0  0  0  0  0  0  0  0  0  0  0
    4.5981    3.7500    0.0000 C   0  0  0  0  0  0  0  0  0  0  0  0
    3.7321    3.2500    0.0000 C   0  0  0  0  0  0  0  0  0  0  0  0
    3.7321    2.2500    0.0000 C   0  0  0  0  0  0  0  0  0  0  0  0
    3.7321   -0.7500    0.0000 C   0  0  0  0  0  0  0  0  0  0  0  0
    2.8660   -1.2500    0.0000 C   0  0  0  0  0  0  0  0  0  0  0  0
    2.8660   -2.2500    0.0000 C   0  0  0  0  0  0  0  0  0  0  0  0
    3.7321   -2.7500    0.0000 C   0  0  0  0  0  0  0  0  0  0  0  0
    3.7321   -3.7500    0.0000 C   0  0  0  0  0  0  0  0  0  0  0  0
    4.5981   -2.2500    0.0000 C   0  0  0  0  0  0  0  0  0  0  0  0
    4.5981   -1.2500    0.0000 C   0  0  0  0  0  0  0  0  0  0  0  0
    5.1350    0.4400    0.0000 H   0  0  0  0  0  0  0  0  0  0  0  0
    3.7321    0.8700    0.0000 H   0  0  0  0  0  0  0  0  0  0  0  0
    6.0010    1.9400    0.0000 H   0  0  0  0  0  0  0  0  0  0  0  0
    6.0010    3.5600    0.0000 H   0  0  0  0  0  0  0  0  0  0  0  0
    4.5981    4.3700    0.0000 H   0  0  0  0  0  0  0  0  0  0  0  0
    3.1951    3.5600    0.0000 H   0  0  0  0  0  0  0  0  0  0  0  0
    3.1951    1.9400    0.0000 H   0  0  0  0  0  0  0  0  0  0  0  0
    2.3291   -0.9400    0.0000 H   0  0  0  0  0  0  0  0  0  0  0  0
    2.3291   -2.5600    0.0000 H   0  0  0  0  0  0  0  0  0  0  0  0
    3.1121   -3.7500    0.0000 H   0  0  0  0  0  0  0  0  0  0  0  0
    3.7321   -4.3700    0.0000 H   0  0  0  0  0  0  0  0  0  0  0  0
    4.3521   -3.7500    0.0000 H   0  0  0  0  0  0  0  0  0  0  0  0
    5.1350   -2.5600    0.0000 H   0  0  0  0  0  0  0  0  0  0  0  0
    5.1350   -0.9400    0.0000 H   0  0  0  0  0  0  0  0  0  0  0  0
  1  2  1  0  0  0  0
  3  2  1  0  0  0  0
  3  4  1  0  0  0  0
  4  5  3  0  0  0  0
  1  6  2  0  0  0  0
  6  7  1  0  0  0  0
  7  8  2  0  0  0  0
  8  9  1  0  0  0  0
  9 10  2  0  0  0  0
  1 10  1  0  0  0  0
  3 11  1  0  0  0  0
 11 12  2  0  0  0  0
 12 13  1  0  0  0  0
 13 14  2  0  0  0  0
 14 15  1  0  0  0  0
 14 16  1  0  0  0  0
 16 17  2  0  0  0  0
 11 17  1  0  0  0  0
  2 18  1  0  0  0  0
  3 19  1  0  0  0  0
  6 20  1  0  0  0  0
  7 21  1  0  0  0  0
  8 22  1  0  0  0  0
  9 23  1  0  0  0  0
 10 24  1  0  0  0  0
 12 25  1  0  0  0  0
 13 26  1  0  0  0  0
 15 27  1  0  0  0  0
 15 28  1  0  0  0  0
 15 29  1  0  0  0  0
 16 30  1  0  0  0  0
 17 31  1  0  0  0  0
M  END
> <NSC>
155544

> <CAS_RN>
32323-81-2

> <SMILES>
CC1=CC=C(C=C1)[CH](NC2=CC=CC=C2)C#N

> <HASH>
fa09a31ed697b183

$$$$
155545
ROtclserve11150011212D 0   0.00000     0.000001049554
 
 32 33  0  0  0  0  0  0  0  0  1 V2000
    4.5981    2.0000    0.0000 C   0  0  0  0  0  0  0  0  0  0  0  0
    4.5981    1.0000    0.0000 N   0  0  0  0  0  0  0  0  0  0  0  0
    3.7321    0.5000    0.0000 C   0  0  2  0  0  0  0  0  0  0  0  0
    2.8660    1.0000    0.0000 C   0  0  0  0  0  0  0  0  0  0  0  0
    2.0000    1.5000    0.0000 N   0  0  0  0  0  0  0  0  0  0  0  0
    5.4641    2.5000    0.0000 C   0  0  0  0  0  0  0  0  0  0  0  0
    5.4641    3.5000    0.0000 C   0  0  0  0  0  0  0  0  0  0  0  0
    4.5981    4.0000    0.0000 C   0  0  0  0  0  0  0  0  0  0  0  0
    3.7321    3.5000    0.0000 C   0  0  0  0  0  0  0  0  0  0  0  0
    3.7321    2.5000    0.0000 C   0  0  0  0  0  0  0  0  0  0  0  0
    2.8660   -4.0000    0.0000 C   0  0  0  0  0  0  0  0  0  0  0  0
    3.7321   -3.5000    0.0000 O   0  0  0  0  0  0  0  0  0  0  0  0
    3.7321   -2.5000    0.0000 C   0  0  0  0  0  0  0  0  0  0  0  0
    4.5981   -2.0000    0.0000 C   0  0  0  0  0  0  0  0  0  0  0  0
    4.5981   -1.0000    0.0000 C   0  0  0  0  0  0  0  0  0  0  0  0
    3.7321   -0.5000    0.0000 C   0  0  0  0  0  0  0  0  0  0  0  0
    2.8660   -2.0000    0.0000 C   0  0  0  0  0  0  0  0  0  0  0  0
    2.8660   -1.0000    0.0000 C   0  0  0  0  0  0  0  0  0  0  0  0
    5.1350    0.6900    0.0000 H   0  0  0  0  0  0  0  0  0  0  0  0
    3.7321    1.1200    0.0000 H   0  0  0  0  0  0  0  0  0  0  0  0
    6.0010    2.1900    0.0000 H   0  0  0  0  0  0  0  0  0  0  0  0
    6.0010    3.8100    0.0000 H   0  0  0  0  0  0  0  0  0  0  0  0
    4.5981    4.6200    0.0000 H   0  0  0  0  0  0  0  0  0  0  0  0
    3.1951    3.8100    0.0000 H   0  0  0  0  0  0  0  0  0  0  0  0
    3.1951    2.1900    0.0000 H   0  0  0  0  0  0  0  0  0  0  0  0
    2.5560   -3.4631    0.0000 H   0  0  0  0  0  0  0  0  0  0  0  0
    2.3291   -4.3100    0.0000 H   0  0  0  0  0  0  0  0  0  0  0  0
    3.1760   -4.5369    0.0000 H   0  0  0  0  0  0  0  0  0  0  0  0
    5.1350   -2.3100    0.0000 H   0  0  0  0  0  0  0  0  0  0  0  0
    5.1350   -0.6900    0.0000 H   0  0  0  0  0  0  0  0  0  0  0  0
    2.3291   -2.3100    0.0000 H   0  0  0  0  0  0  0  0  0  0  0  0
    2.3291   -0.6900    0.0000 H   0  0  0  0  0  0  0  0  0  0  0  0
  1  2  1  0  0  0  0
  3  2  1  0  0  0  0
  3  4  1  0  0  0  0
  4  5  3  0  0  0  0
  1  6  2  0  0  0  0
  6  7  1  0  0  0  0
  7  8  2  0  0  0  0
  8  9  1  0  0  0  0
  9 10  2  0  0  0  0
  1 10  1  0  0  0  0
 11 12  1  0  0  0  0
 12 13  1  0  0  0  0
 13 14  2  0  0  0  0
 14 15  1  0  0  0  0
 15 16  2  0  0  0  0
  3 16  1  0  0  0  0
 13 17  1  0  0  0  0
 17 18  2  0  0  0  0
 16 18  1  0  0  0  0
  2 19  1  0  0  0  0
  3 20  1  0  0  0  0
  6 21  1  0  0  0  0
  7 22  1  0  0  0  0
  8 23  1  0  0  0  0
  9 24  1  0  0  0  0
 10 25  1  0  0  0  0
 11 26  1  0  0  0  0
 11 27  1  0  0  0  0
 11 28  1  0  0  0  0
 14 29  1  0  0  0  0
 15 30  1  0  0  0  0
 17 31  1  0  0  0  0
 18 32  1  0  0  0  0
M  END
> <NSC>
155545

> <CAS_RN>
15190-69-9

> <SMILES>
COC1=CC=C(C=C1)[CH](NC2=CC=CC=C2)C#N

> <HASH>
8b36d3f0cb404f9c

$$$$
155546
ROtclserve11150011212D 0   0.00000     0.000001049566
 
 35 37  0  0  0  0  0  0  0  0  1 V2000
    4.5981    0.2500    0.0000 C   0  0  0  0  0  0  0  0  0  0  0  0
    4.5981    1.2500    0.0000 C   0  0  0  0  0  0  0  0  0  0  0  0
    3.7321    1.7500    0.0000 C   0  0  0  0  0  0  0  0  0  0  0  0
    3.7321    2.7500    0.0000 C   0  0  0  0  0  0  0  0  0  0  0  0
    2.8660    3.2500    0.0000 C   0  0  0  0  0  0  0  0  0  0  0  0
    2.8660    4.2500    0.0000 C   0  0  0  0  0  0  0  0  0  0  0  0
    3.7321    4.7500    0.0000 C   0  0  0  0  0  0  0  0  0  0  0  0
    2.8660   -1.7500    0.0000 N   0  0  0  0  0  0  0  0  0  0  0  0
    3.7321   -1.2500    0.0000 C   0  0  0  0  0  0  0  0  0  0  0  0
    3.7321   -0.2500    0.0000 C   0  0  0  0  0  0  0  0  0  0  0  0
    2.8660   -2.7500    0.0000 C   0  0  0  0  0  0  0  0  0  0  0  0
    3.7321   -3.2500    0.0000 C   0  0  0  0  0  0  0  0  0  0  0  0
    3.7321   -4.2500    0.0000 C   0  0  0  0  0  0  0  0  0  0  0  0
    2.8660   -4.7500    0.0000 C   0  0  0  0  0  0  0  0  0  0  0  0
    2.0000   -4.2500    0.0000 C   0  0  0  0  0  0  0  0  0  0  0  0
    2.0000   -3.2500    0.0000 C   0  0  0  0  0  0  0  0  0  0  0  0
    2.8660    0.2500    0.0000 C   0  0  0  0  0  0  0  0  0  0  0  0
    2.8660    1.2500    0.0000 C   0  0  0  0  0  0  0  0  0  0  0  0
    4.5981    3.2500    0.0000 C   0  0  0  0  0  0  0  0  0  0  0  0
    4.5981    4.2500    0.0000 C   0  0  0  0  0  0  0  0  0  0  0  0
    5.1350   -0.0600    0.0000 H   0  0  0  0  0  0  0  0  0  0  0  0
    5.1350    1.5600    0.0000 H   0  0  0  0  0  0  0  0  0  0  0  0
    2.3291    2.9400    0.0000 H   0  0  0  0  0  0  0  0  0  0  0  0
    2.3291    4.5600    0.0000 H   0  0  0  0  0  0  0  0  0  0  0  0
    3.7321    5.3700    0.0000 H   0  0  0  0  0  0  0  0  0  0  0  0
    4.2690   -1.5600    0.0000 H   0  0  0  0  0  0  0  0  0  0  0  0
    4.2690   -2.9400    0.0000 H   0  0  0  0  0  0  0  0  0  0  0  0
    4.2690   -4.5600    0.0000 H   0  0  0  0  0  0  0  0  0  0  0  0
    2.8660   -5.3700    0.0000 H   0  0  0  0  0  0  0  0  0  0  0  0
    1.4631   -4.5600    0.0000 H   0  0  0  0  0  0  0  0  0  0  0  0
    1.4631   -2.9400    0.0000 H   0  0  0  0  0  0  0  0  0  0  0  0
    2.3291   -0.0600    0.0000 H   0  0  0  0  0  0  0  0  0  0  0  0
    2.3291    1.5600    0.0000 H   0  0  0  0  0  0  0  0  0  0  0  0
    5.1350    2.9400    0.0000 H   0  0  0  0  0  0  0  0  0  0  0  0
    5.1350    4.5600    0.0000 H   0  0  0  0  0  0  0  0  0  0  0  0
  1  2  2  0  0  0  0
  2  3  1  0  0  0  0
  3  4  1  0  0  0  0
  4  5  2  0  0  0  0
  5  6  1  0  0  0  0
  6  7  2  0  0  0  0
  8  9  2  0  0  0  0
  9 10  1  0  0  0  0
  1 10  1  0  0  0  0
  8 11  1  0  0  0  0
 11 12  2  0  0  0  0
 12 13  1  0  0  0  0
 13 14  2  0  0  0  0
 14 15  1  0  0  0  0
 15 16  2  0  0  0  0
 11 16  1  0  0  0  0
 10 17  2  0  0  0  0
 17 18  1  0  0  0  0
  3 18  2  0  0  0  0
  4 19  1  0  0  0  0
 19 20  2  0  0  0  0
  7 20  1  0  0  0  0
  1 21  1  0  0  0  0
  2 22  1  0  0  0  0
  5 23  1  0  0  0  0
  6 24  1  0  0  0  0
  7 25  1  0  0  0  0
  9 26  1  0  0  0  0
 12 27  1  0  0  0  0
 13 28  1  0  0  0  0
 14 29  1  0  0  0  0
 15 30  1  0  0  0  0
 16 31  1  0  0  0  0
 17 32  1  0  0  0  0
 18 33  1  0  0  0  0
 19 34  1  0  0  0  0
 20 35  1  0  0  0  0
M  END
> <NSC>
155546

> <CAS_RN>
51357-73-4

> <SMILES>
C1=CC=C(C=C1)N=CC2=CC=C(C=C2)C3=CC=CC=C3

> <HASH>
c53a3f5414351147

$$$$
155547
ROtclserve11150011212D 0   0.00000     0.000001049567
 
 29 30  0  0  0  0  0  0  0  0  1 V2000
    2.8660   -1.0000    0.0000 N   0  0  0  0  0  0  0  0  0  0  0  0
    2.8660   -2.0000    0.0000 C   0  0  0  0  0  0  0  0  0  0  0  0
    2.0000   -2.5000    0.0000 C   0  0  0  0  0  0  0  0  0  0  0  0
    2.0000   -3.5000    0.0000 C   0  0  0  0  0  0  0  0  0  0  0  0
    2.8660   -4.0000    0.0000 C   0  0  0  0  0  0  0  0  0  0  0  0
    4.5981    1.0000    0.0000 C   0  0  0  0  0  0  0  0  0  0  0  0
    3.7321    0.5000    0.0000 C   0  0  0  0  0  0  0  0  0  0  0  0
    3.7321   -0.5000    0.0000 C   0  0  0  0  0  0  0  0  0  0  0  0
    4.5981    2.0000    0.0000 C   0  0  0  0  0  0  0  0  0  0  0  0
    3.7321    2.5000    0.0000 C   0  0  0  0  0  0  0  0  0  0  0  0
    3.7321    3.5000    0.0000 C   0  0  0  0  0  0  0  0  0  0  0  0
    4.5981    4.0000    0.0000 C   0  0  0  0  0  0  0  0  0  0  0  0
    5.4641    3.5000    0.0000 C   0  0  0  0  0  0  0  0  0  0  0  0
    5.4641    2.5000    0.0000 C   0  0  0  0  0  0  0  0  0  0  0  0
    3.7321   -2.5000    0.0000 C   0  0  0  0  0  0  0  0  0  0  0  0
    3.7321   -3.5000    0.0000 C   0  0  0  0  0  0  0  0  0  0  0  0
    1.4631   -2.1900    0.0000 H   0  0  0  0  0  0  0  0  0  0  0  0
    1.4631   -3.8100    0.0000 H   0  0  0  0  0  0  0  0  0  0  0  0
    2.8660   -4.6200    0.0000 H   0  0  0  0  0  0  0  0  0  0  0  0
    5.1350    0.6900    0.0000 H   0  0  0  0  0  0  0  0  0  0  0  0
    3.1951    0.8100    0.0000 H   0  0  0  0  0  0  0  0  0  0  0  0
    4.2690   -0.8100    0.0000 H   0  0  0  0  0  0  0  0  0  0  0  0
    3.1951    2.1900    0.0000 H   0  0  0  0  0  0  0  0  0  0  0  0
    3.1951    3.8100    0.0000 H   0  0  0  0  0  0  0  0  0  0  0  0
    4.5981    4.6200    0.0000 H   0  0  0  0  0  0  0  0  0  0  0  0
    6.0010    3.8100    0.0000 H   0  0  0  0  0  0  0  0  0  0  0  0
    6.0010    2.1900    0.0000 H   0  0  0  0  0  0  0  0  0  0  0  0
    4.2690   -2.1900    0.0000 H   0  0  0  0  0  0  0  0  0  0  0  0
    4.2690   -3.8100    0.0000 H   0  0  0  0  0  0  0  0  0  0  0  0
  1  2  1  0  0  0  0
  2  3  2  0  0  0  0
  3  4  1  0  0  0  0
  4  5  2  0  0  0  0
  6  7  2  0  0  0  0
  7  8  1  0  0  0  0
  1  8  2  0  0  0  0
  6  9  1  0  0  0  0
  9 10  2  0  0  0  0
 10 11  1  0  0  0  0
 11 12  2  0  0  0  0
 12 13  1  0  0  0  0
 13 14  2  0  0  0  0
  9 14  1  0  0  0  0
  2 15  1  0  0  0  0
 15 16  2  0  0  0  0
  5 16  1  0  0  0  0
  3 17  1  0  0  0  0
  4 18  1  0  0  0  0
  5 19  1  0  0  0  0
  6 20  1  0  0  0  0
  7 21  1  0  0  0  0
  8 22  1  0  0  0  0
 10 23  1  0  0  0  0
 11 24  1  0  0  0  0
 12 25  1  0  0  0  0
 13 26  1  0  0  0  0
 14 27  1  0  0  0  0
 15 28  1  0  0  0  0
 16 29  1  0  0  0  0
M  END
> <NSC>
155547

> <CAS_RN>
953-21-9

> <SMILES>
C1=CC=C(C=C1)C=CC=NC2=CC=CC=C2

> <HASH>
8f35a448dfcd7356

$$$$
155548
ROtclserve11150011212D 0   0.00000     0.000001049569
 
 28 29  0  0  0  0  0  0  0  0  1 V2000
    4.2321    0.0179    0.0000 C   0  0  0  0  0  0  0  0  0  0  0  0
    3.7321    0.8840    0.0000 C   0  0  1  0  0  0  0  0  0  0  0  0
    2.8660    0.3840    0.0000 N   0  0  0  0  0  0  0  0  0  0  0  0
    2.8660   -0.6160    0.0000 C   0  0  0  0  0  0  0  0  0  0  0  0
    2.0000   -1.1160    0.0000 C   0  0  0  0  0  0  0  0  0  0  0  0
    2.0000   -2.1160    0.0000 C   0  0  0  0  0  0  0  0  0  0  0  0
    2.8660   -2.6160    0.0000 C   0  0  0  0  0  0  0  0  0  0  0  0
    3.7321   -2.1160    0.0000 C   0  0  0  0  0  0  0  0  0  0  0  0
    3.7321   -1.1160    0.0000 C   0  0  0  0  0  0  0  0  0  0  0  0
    3.2321    1.7500    0.0000 C   0  0  0  0  0  0  0  0  0  0  0  0
    2.7321    2.6160    0.0000 N   0  0  0  0  0  0  0  0  0  0  0  0
    4.5981    1.3840    0.0000 C   0  0  0  0  0  0  0  0  0  0  0  0
    5.5116    0.9772    0.0000 C   0  0  0  0  0  0  0  0  0  0  0  0
    6.1808    1.7204    0.0000 C   0  0  0  0  0  0  0  0  0  0  0  0
    5.6808    2.5864    0.0000 C   0  0  0  0  0  0  0  0  0  0  0  0
    4.7026    2.3785    0.0000 O   0  0  0  0  0  0  0  0  0  0  0  0
    3.6951   -0.2921    0.0000 H   0  0  0  0  0  0  0  0  0  0  0  0
    4.5421   -0.5190    0.0000 H   0  0  0  0  0  0  0  0  0  0  0  0
    4.7690    0.3279    0.0000 H   0  0  0  0  0  0  0  0  0  0  0  0
    2.3291    0.6940    0.0000 H   0  0  0  0  0  0  0  0  0  0  0  0
    1.4631   -0.8060    0.0000 H   0  0  0  0  0  0  0  0  0  0  0  0
    1.4631   -2.4260    0.0000 H   0  0  0  0  0  0  0  0  0  0  0  0
    2.8660   -3.2360    0.0000 H   0  0  0  0  0  0  0  0  0  0  0  0
    4.2690   -2.4260    0.0000 H   0  0  0  0  0  0  0  0  0  0  0  0
    4.2690   -0.8060    0.0000 H   0  0  0  0  0  0  0  0  0  0  0  0
    5.6405    0.3708    0.0000 H   0  0  0  0  0  0  0  0  0  0  0  0
    6.7974    1.6556    0.0000 H   0  0  0  0  0  0  0  0  0  0  0  0
    5.9329    3.1528    0.0000 H   0  0  0  0  0  0  0  0  0  0  0  0
  1  2  1  0  0  0  0
  2  3  1  0  0  0  0
  3  4  1  0  0  0  0
  4  5  2  0  0  0  0
  5  6  1  0  0  0  0
  6  7  2  0  0  0  0
  7  8  1  0  0  0  0
  8  9  2  0  0  0  0
  4  9  1  0  0  0  0
  2 10  1  0  0  0  0
 10 11  3  0  0  0  0
  2 12  1  0  0  0  0
 12 13  2  0  0  0  0
 13 14  1  0  0  0  0
 14 15  2  0  0  0  0
 15 16  1  0  0  0  0
 12 16  1  0  0  0  0
  1 17  1  0  0  0  0
  1 18  1  0  0  0  0
  1 19  1  0  0  0  0
  3 20  1  0  0  0  0
  5 21  1  0  0  0  0
  6 22  1  0  0  0  0
  7 23  1  0  0  0  0
  8 24  1  0  0  0  0
  9 25  1  0  0  0  0
 13 26  1  0  0  0  0
 14 27  1  0  0  0  0
 15 28  1  0  0  0  0
M  END
> <NSC>
155548

> <CAS_RN>
17424-72-5

> <SMILES>
C[C](NC1=CC=CC=C1)(C#N)C2=CC=CO2

> <HASH>
f0f47e0230d0400d

$$$$
155549
ROtclserve11150011212D 0   0.00000     0.000001049587
 
 31 32  0  0  0  0  0  0  0  0  2 V2000
    4.5981    3.2500    0.0000 C   0  0  0  0  0  0  0  0  0  0  0  0
    4.5981    4.2500    0.0000 N   0  3  0  0  0  0  0  0  0  0  0  0
    5.4641    4.7500    0.0000 O   0  0  0  0  0  0  0  0  0  0  0  0
    3.7321   -0.2500    0.0000 C   0  0  0  0  0  0  0  0  0  0  0  0
    4.5981    0.2500    0.0000 N   0  0  0  0  0  0  0  0  0  0  0  0
    4.5981    1.2500    0.0000 C   0  0  0  0  0  0  0  0  0  0  0  0
    3.7321    1.7500    0.0000 C   0  0  0  0  0  0  0  0  0  0  0  0
    3.7321    2.7500    0.0000 C   0  0  0  0  0  0  0  0  0  0  0  0
    3.7321   -1.2500    0.0000 C   0  0  0  0  0  0  0  0  0  0  0  0
    2.8660   -1.7500    0.0000 C   0  0  0  0  0  0  0  0  0  0  0  0
    2.8660   -2.7500    0.0000 C   0  0  0  0  0  0  0  0  0  0  0  0
    3.7321   -3.2500    0.0000 C   0  0  0  0  0  0  0  0  0  0  0  0
    3.7321   -4.2500    0.0000 C   0  0  0  0  0  0  0  0  0  0  0  0
    2.8660   -4.7500    0.0000 C   0  0  0  0  0  0  0  0  0  0  0  0
    2.0000   -4.2500    0.0000 C   0  0  0  0  0  0  0  0  0  0  0  0
    2.0000   -3.2500    0.0000 C   0  0  0  0  0  0  0  0  0  0  0  0
    5.4641    1.7500    0.0000 C   0  0  0  0  0  0  0  0  0  0  0  0
    5.4641    2.7500    0.0000 C   0  0  0  0  0  0  0  0  0  0  0  0
    3.7321    4.7500    0.0000 O   0  5  0  0  0  0  0  0  0  0  0  0
    3.1951    0.0600    0.0000 H   0  0  0  0  0  0  0  0  0  0  0  0
    3.1951    1.4400    0.0000 H   0  0  0  0  0  0  0  0  0  0  0  0
    3.1951    3.0600    0.0000 H   0  0  0  0  0  0  0  0  0  0  0  0
    4.2690   -1.5600    0.0000 H   0  0  0  0  0  0  0  0  0  0  0  0
    2.3291   -1.4400    0.0000 H   0  0  0  0  0  0  0  0  0  0  0  0
    4.2690   -2.9400    0.0000 H   0  0  0  0  0  0  0  0  0  0  0  0
    4.2690   -4.5600    0.0000 H   0  0  0  0  0  0  0  0  0  0  0  0
    2.8660   -5.3700    0.0000 H   0  0  0  0  0  0  0  0  0  0  0  0
    1.4631   -4.5600    0.0000 H   0  0  0  0  0  0  0  0  0  0  0  0
    1.4631   -2.9400    0.0000 H   0  0  0  0  0  0  0  0  0  0  0  0
    6.0010    1.4400    0.0000 H   0  0  0  0  0  0  0  0  0  0  0  0
    6.0010    3.0600    0.0000 H   0  0  0  0  0  0  0  0  0  0  0  0
  1  2  1  0  0  0  0
  2  3  2  0  0  0  0
  4  5  2  0  0  0  0
  5  6  1  0  0  0  0
  6  7  2  0  0  0  0
  7  8  1  0  0  0  0
  1  8  2  0  0  0  0
  4  9  1  0  0  0  0
  9 10  2  0  0  0  0
 10 11  1  0  0  0  0
 11 12  2  0  0  0  0
 12 13  1  0  0  0  0
 13 14  2  0  0  0  0
 14 15  1  0  0  0  0
 15 16  2  0  0  0  0
 11 16  1  0  0  0  0
  6 17  1  0  0  0  0
 17 18  2  0  0  0  0
  1 18  1  0  0  0  0
  2 19  1  0  0  0  0
  4 20  1  0  0  0  0
  7 21  1  0  0  0  0
  8 22  1  0  0  0  0
  9 23  1  0  0  0  0
 10 24  1  0  0  0  0
 12 25  1  0  0  0  0
 13 26  1  0  0  0  0
 14 27  1  0  0  0  0
 15 28  1  0  0  0  0
 16 29  1  0  0  0  0
 17 30  1  0  0  0  0
 18 31  1  0  0  0  0
M  CHG  2   2   1  19  -1
M  END
> <NSC>
155549

> <CAS_RN>
15286-45-0

> <SMILES>
[O-][N+](=O)C1=CC=C(C=C1)N=CC=CC2=CC=CC=C2

> <HASH>
fb53f717cee0c82e

$$$$
155550
ROtclserve11150011212D 0   0.00000     0.000001049589
 
 20 20  0  0  0  0  0  0  0  0  1 V2000
    3.7321    2.0000    0.0000 O   0  0  0  0  0  0  0  0  0  0  0  0
    3.7321    1.0000    0.0000 C   0  0  2  0  0  0  0  0  0  0  0  0
    2.8660    0.5000    0.0000 C   0  0  0  0  0  0  0  0  0  0  0  0
    2.8660   -0.5000    0.0000 C   0  0  0  0  0  0  0  0  0  0  0  0
    2.0000   -1.0000    0.0000 C   0  0  0  0  0  0  0  0  0  0  0  0
    2.0000   -2.0000    0.0000 C   0  0  0  0  0  0  0  0  0  0  0  0
    2.8660   -2.5000    0.0000 C   0  0  0  0  0  0  0  0  0  0  0  0
    3.7321   -2.0000    0.0000 C   0  0  0  0  0  0  0  0  0  0  0  0
    3.7321   -1.0000    0.0000 C   0  0  0  0  0  0  0  0  0  0  0  0
    4.5981    0.5000    0.0000 C   0  0  0  0  0  0  0  0  0  0  0  0
    5.4641    0.0000    0.0000 N   0  0  0  0  0  0  0  0  0  0  0  0
    4.2690    2.3100    0.0000 H   0  0  0  0  0  0  0  0  0  0  0  0
    4.2690    1.3100    0.0000 H   0  0  0  0  0  0  0  0  0  0  0  0
    2.6540    1.0826    0.0000 H   0  0  0  0  0  0  0  0  0  0  0  0
    2.2554    0.3923    0.0000 H   0  0  0  0  0  0  0  0  0  0  0  0
    1.4631   -0.6900    0.0000 H   0  0  0  0  0  0  0  0  0  0  0  0
    1.4631   -2.3100    0.0000 H   0  0  0  0  0  0  0  0  0  0  0  0
    2.8660   -3.1200    0.0000 H   0  0  0  0  0  0  0  0  0  0  0  0
    4.2690   -2.3100    0.0000 H   0  0  0  0  0  0  0  0  0  0  0  0
    4.2690   -0.6900    0.0000 H   0  0  0  0  0  0  0  0  0  0  0  0
  2  1  1  0  0  0  0
  2  3  1  0  0  0  0
  3  4  1  0  0  0  0
  4  5  2  0  0  0  0
  5  6  1  0  0  0  0
  6  7  2  0  0  0  0
  7  8  1  0  0  0  0
  8  9  2  0  0  0  0
  4  9  1  0  0  0  0
  2 10  1  0  0  0  0
 10 11  3  0  0  0  0
  1 12  1  0  0  0  0
  2 13  1  0  0  0  0
  3 14  1  0  0  0  0
  3 15  1  0  0  0  0
  5 16  1  0  0  0  0
  6 17  1  0  0  0  0
  7 18  1  0  0  0  0
  8 19  1  0  0  0  0
  9 20  1  0  0  0  0
M  END
> <NSC>
155550

> <CAS_RN>
50353-47-4

> <SMILES>
O[CH](CC1=CC=CC=C1)C#N

> <HASH>
25e6bbcf33df5eff

$$$$
155551
ROtclserve11150011212D 0   0.00000     0.000001049599
 
 28 28  0  0  0  0  0  0  0  0  1 V2000
    4.5981    0.5000    0.0000 Br  0  0  0  0  0  0  0  0  0  0  0  0
    2.0000    2.0000    0.0000 C   0  0  0  0  0  0  0  0  0  0  0  0
    2.0000    1.0000    0.0000 O   0  0  0  0  0  0  0  0  0  0  0  0
    2.8660    0.5000    0.0000 C   0  0  2  0  0  0  0  0  0  0  0  0
    3.7321    1.0000    0.0000 C   0  0  2  0  0  0  0  0  0  0  0  0
    2.8660   -0.5000    0.0000 C   0  0  0  0  0  0  0  0  0  0  0  0
    2.0000   -1.0000    0.0000 C   0  0  0  0  0  0  0  0  0  0  0  0
    2.0000   -2.0000    0.0000 C   0  0  0  0  0  0  0  0  0  0  0  0
    2.8660   -2.5000    0.0000 C   0  0  0  0  0  0  0  0  0  0  0  0
    2.8660   -3.5000    0.0000 Cl  0  0  0  0  0  0  0  0  0  0  0  0
    3.7321   -2.0000    0.0000 C   0  0  0  0  0  0  0  0  0  0  0  0
    3.7321   -1.0000    0.0000 C   0  0  0  0  0  0  0  0  0  0  0  0
    3.7321    2.0000    0.0000 C   0  0  0  0  0  0  0  0  0  0  0  0
    4.5981    2.5000    0.0000 O   0  0  0  0  0  0  0  0  0  0  0  0
    4.5981    3.5000    0.0000 C   0  0  0  0  0  0  0  0  0  0  0  0
    2.8660    2.5000    0.0000 O   0  0  0  0  0  0  0  0  0  0  0  0
    2.6200    2.0000    0.0000 H   0  0  0  0  0  0  0  0  0  0  0  0
    2.0000    2.6200    0.0000 H   0  0  0  0  0  0  0  0  0  0  0  0
    1.3800    2.0000    0.0000 H   0  0  0  0  0  0  0  0  0  0  0  0
    2.8660    1.1200    0.0000 H   0  0  0  0  0  0  0  0  0  0  0  0
    3.7321    0.3800    0.0000 H   0  0  0  0  0  0  0  0  0  0  0  0
    1.4631   -0.6900    0.0000 H   0  0  0  0  0  0  0  0  0  0  0  0
    1.4631   -2.3100    0.0000 H   0  0  0  0  0  0  0  0  0  0  0  0
    4.2690   -2.3100    0.0000 H   0  0  0  0  0  0  0  0  0  0  0  0
    4.2690   -0.6900    0.0000 H   0  0  0  0  0  0  0  0  0  0  0  0
    5.2181    3.5000    0.0000 H   0  0  0  0  0  0  0  0  0  0  0  0
    4.5981    4.1200    0.0000 H   0  0  0  0  0  0  0  0  0  0  0  0
    3.9781    3.5000    0.0000 H   0  0  0  0  0  0  0  0  0  0  0  0
  2  3  1  0  0  0  0
  4  3  1  0  0  0  0
  4  5  1  0  0  0  0
  4  6  1  0  0  0  0
  6  7  2  0  0  0  0
  7  8  1  0  0  0  0
  8  9  2  0  0  0  0
  9 10  1  0  0  0  0
  9 11  1  0  0  0  0
 11 12  2  0  0  0  0
  6 12  1  0  0  0  0
  5 13  1  0  0  0  0
 13 14  1  0  0  0  0
 14 15  1  0  0  0  0
 13 16  2  0  0  0  0
  5  1  1  0  0  0  0
  2 17  1  0  0  0  0
  2 18  1  0  0  0  0
  2 19  1  0  0  0  0
  4 20  1  0  0  0  0
  5 21  1  0  0  0  0
  7 22  1  0  0  0  0
  8 23  1  0  0  0  0
 11 24  1  0  0  0  0
 12 25  1  0  0  0  0
 15 26  1  0  0  0  0
 15 27  1  0  0  0  0
 15 28  1  0  0  0  0
M  END
> <NSC>
155551

> <CAS_RN>
60456-16-8

> <SMILES>
CO[CH]([CH](Br)C(=O)OC)C1=CC=C(Cl)C=C1

> <HASH>
3c1841c968fc6e68

$$$$
155552
ROtclserve11150011212D 0   0.00000     0.000001049616
 
 28 28  0  0  0  0  0  0  0  0  1 V2000
    2.0000    0.5000    0.0000 O   0  0  0  0  0  0  0  0  0  0  0  0
    2.8660    0.0000    0.0000 C   0  0  2  0  0  0  0  0  0  0  0  0
    3.7321    0.5000    0.0000 C   0  0  2  0  0  0  0  0  0  0  0  0
    4.5981    0.0000    0.0000 I   0  0  0  0  0  0  0  0  0  0  0  0
    2.0000    1.5000    0.0000 C   0  0  0  0  0  0  0  0  0  0  0  0
    2.8660   -1.0000    0.0000 C   0  0  0  0  0  0  0  0  0  0  0  0
    2.0000   -1.5000    0.0000 C   0  0  0  0  0  0  0  0  0  0  0  0
    2.0000   -2.5000    0.0000 C   0  0  0  0  0  0  0  0  0  0  0  0
    2.8660   -3.0000    0.0000 C   0  0  0  0  0  0  0  0  0  0  0  0
    3.7321   -2.5000    0.0000 C   0  0  0  0  0  0  0  0  0  0  0  0
    3.7321   -1.5000    0.0000 C   0  0  0  0  0  0  0  0  0  0  0  0
    3.7321    1.5000    0.0000 C   0  0  0  0  0  0  0  0  0  0  0  0
    4.5981    2.0000    0.0000 O   0  0  0  0  0  0  0  0  0  0  0  0
    4.5981    3.0000    0.0000 C   0  0  0  0  0  0  0  0  0  0  0  0
    2.8660    2.0000    0.0000 O   0  0  0  0  0  0  0  0  0  0  0  0
    2.8660    0.6200    0.0000 H   0  0  0  0  0  0  0  0  0  0  0  0
    3.7321   -0.1200    0.0000 H   0  0  0  0  0  0  0  0  0  0  0  0
    2.6200    1.5000    0.0000 H   0  0  0  0  0  0  0  0  0  0  0  0
    2.0000    2.1200    0.0000 H   0  0  0  0  0  0  0  0  0  0  0  0
    1.3800    1.5000    0.0000 H   0  0  0  0  0  0  0  0  0  0  0  0
    1.4631   -1.1900    0.0000 H   0  0  0  0  0  0  0  0  0  0  0  0
    1.4631   -2.8100    0.0000 H   0  0  0  0  0  0  0  0  0  0  0  0
    2.8660   -3.6200    0.0000 H   0  0  0  0  0  0  0  0  0  0  0  0
    4.2690   -2.8100    0.0000 H   0  0  0  0  0  0  0  0  0  0  0  0
    4.2690   -1.1900    0.0000 H   0  0  0  0  0  0  0  0  0  0  0  0
    5.2181    3.0000    0.0000 H   0  0  0  0  0  0  0  0  0  0  0  0
    4.5981    3.6200    0.0000 H   0  0  0  0  0  0  0  0  0  0  0  0
    3.9781    3.0000    0.0000 H   0  0  0  0  0  0  0  0  0  0  0  0
  2  1  1  0  0  0  0
  2  3  1  0  0  0  0
  3  4  1  0  0  0  0
  1  5  1  0  0  0  0
  2  6  1  0  0  0  0
  6  7  2  0  0  0  0
  7  8  1  0  0  0  0
  8  9  2  0  0  0  0
  9 10  1  0  0  0  0
 10 11  2  0  0  0  0
  6 11  1  0  0  0  0
  3 12  1  0  0  0  0
 12 13  1  0  0  0  0
 13 14  1  0  0  0  0
 12 15  2  0  0  0  0
  2 16  1  0  0  0  0
  3 17  1  0  0  0  0
  5 18  1  0  0  0  0
  5 19  1  0  0  0  0
  5 20  1  0  0  0  0
  7 21  1  0  0  0  0
  8 22  1  0  0  0  0
  9 23  1  0  0  0  0
 10 24  1  0  0  0  0
 11 25  1  0  0  0  0
 14 26  1  0  0  0  0
 14 27  1  0  0  0  0
 14 28  1  0  0  0  0
M  END
> <NSC>
155552

> <SMILES>
CO[CH]([CH](I)C(=O)OC)C1=CC=CC=C1

> <HASH>
a65935bddf094873

$$$$
155553
ROtclserve11150011212D 0   0.00000     0.000001049634
 
 32 33  0  0  0  0  0  0  0  0  1 V2000
    5.4641   -0.2500    0.0000 Br  0  0  0  0  0  0  0  0  0  0  0  0
    2.0000   -0.2500    0.0000 C   0  0  0  0  0  0  0  0  0  0  0  0
    2.8660    0.2500    0.0000 O   0  0  0  0  0  0  0  0  0  0  0  0
    3.7321   -0.2500    0.0000 C   0  0  2  0  0  0  0  0  0  0  0  0
    4.5981    0.2500    0.0000 C   0  0  1  0  0  0  0  0  0  0  0  0
    3.7321   -1.2500    0.0000 C   0  0  0  0  0  0  0  0  0  0  0  0
    2.8660   -1.7500    0.0000 C   0  0  0  0  0  0  0  0  0  0  0  0
    2.8660   -2.7500    0.0000 C   0  0  0  0  0  0  0  0  0  0  0  0
    3.7321   -3.2500    0.0000 C   0  0  0  0  0  0  0  0  0  0  0  0
    4.5981   -2.7500    0.0000 C   0  0  0  0  0  0  0  0  0  0  0  0
    4.5981   -1.7500    0.0000 C   0  0  0  0  0  0  0  0  0  0  0  0
    4.5981    1.2500    0.0000 C   0  0  0  0  0  0  0  0  0  0  0  0
    5.4641    1.7500    0.0000 C   0  0  0  0  0  0  0  0  0  0  0  0
    5.4641    2.7500    0.0000 C   0  0  0  0  0  0  0  0  0  0  0  0
    4.5981    3.2500    0.0000 C   0  0  0  0  0  0  0  0  0  0  0  0
    3.7321    2.7500    0.0000 C   0  0  0  0  0  0  0  0  0  0  0  0
    3.7321    1.7500    0.0000 C   0  0  0  0  0  0  0  0  0  0  0  0
    1.6900    0.2869    0.0000 H   0  0  0  0  0  0  0  0  0  0  0  0
    1.4631   -0.5600    0.0000 H   0  0  0  0  0  0  0  0  0  0  0  0
    2.3100   -0.7869    0.0000 H   0  0  0  0  0  0  0  0  0  0  0  0
    3.7321    0.3700    0.0000 H   0  0  0  0  0  0  0  0  0  0  0  0
    4.5981   -0.3700    0.0000 H   0  0  0  0  0  0  0  0  0  0  0  0
    2.3291   -1.4400    0.0000 H   0  0  0  0  0  0  0  0  0  0  0  0
    2.3291   -3.0600    0.0000 H   0  0  0  0  0  0  0  0  0  0  0  0
    3.7321   -3.8700    0.0000 H   0  0  0  0  0  0  0  0  0  0  0  0
    5.1350   -3.0600    0.0000 H   0  0  0  0  0  0  0  0  0  0  0  0
    5.1350   -1.4400    0.0000 H   0  0  0  0  0  0  0  0  0  0  0  0
    6.0010    1.4400    0.0000 H   0  0  0  0  0  0  0  0  0  0  0  0
    6.0010    3.0600    0.0000 H   0  0  0  0  0  0  0  0  0  0  0  0
    4.5981    3.8700    0.0000 H   0  0  0  0  0  0  0  0  0  0  0  0
    3.1951    3.0600    0.0000 H   0  0  0  0  0  0  0  0  0  0  0  0
    3.1951    1.4400    0.0000 H   0  0  0  0  0  0  0  0  0  0  0  0
  2  3  1  0  0  0  0
  4  3  1  0  0  0  0
  4  5  1  0  0  0  0
  4  6  1  0  0  0  0
  6  7  2  0  0  0  0
  7  8  1  0  0  0  0
  8  9  2  0  0  0  0
  9 10  1  0  0  0  0
 10 11  2  0  0  0  0
  6 11  1  0  0  0  0
  5 12  1  0  0  0  0
 12 13  2  0  0  0  0
 13 14  1  0  0  0  0
 14 15  2  0  0  0  0
 15 16  1  0  0  0  0
 16 17  2  0  0  0  0
 12 17  1  0  0  0  0
  5  1  1  0  0  0  0
  2 18  1  0  0  0  0
  2 19  1  0  0  0  0
  2 20  1  0  0  0  0
  4 21  1  0  0  0  0
  5 22  1  0  0  0  0
  7 23  1  0  0  0  0
  8 24  1  0  0  0  0
  9 25  1  0  0  0  0
 10 26  1  0  0  0  0
 11 27  1  0  0  0  0
 13 28  1  0  0  0  0
 14 29  1  0  0  0  0
 15 30  1  0  0  0  0
 16 31  1  0  0  0  0
 17 32  1  0  0  0  0
M  END
> <NSC>
155553

> <CAS_RN>
13921-79-4

> <SMILES>
CO[CH]([CH](Br)C1=CC=CC=C1)C2=CC=CC=C2

> <HASH>
3505a74cd4704074

$$$$
155554
ROtclserve11150011212D 0   0.00000     0.000001049642
 
 31 31  0  0  0  0  0  0  0  0  1 V2000
    4.5981    0.5000    0.0000 Br  0  0  0  0  0  0  0  0  0  0  0  0
    2.0000    2.0000    0.0000 C   0  0  0  0  0  0  0  0  0  0  0  0
    2.0000    1.0000    0.0000 O   0  0  0  0  0  0  0  0  0  0  0  0
    2.8660    0.5000    0.0000 C   0  0  2  0  0  0  0  0  0  0  0  0
    3.7321    1.0000    0.0000 C   0  0  2  0  0  0  0  0  0  0  0  0
    2.8660   -0.5000    0.0000 C   0  0  0  0  0  0  0  0  0  0  0  0
    2.0000   -1.0000    0.0000 C   0  0  0  0  0  0  0  0  0  0  0  0
    2.0000   -2.0000    0.0000 C   0  0  0  0  0  0  0  0  0  0  0  0
    2.8660   -2.5000    0.0000 C   0  0  0  0  0  0  0  0  0  0  0  0
    2.8660   -3.5000    0.0000 C   0  0  0  0  0  0  0  0  0  0  0  0
    3.7321   -2.0000    0.0000 C   0  0  0  0  0  0  0  0  0  0  0  0
    3.7321   -1.0000    0.0000 C   0  0  0  0  0  0  0  0  0  0  0  0
    3.7321    2.0000    0.0000 C   0  0  0  0  0  0  0  0  0  0  0  0
    4.5981    2.5000    0.0000 O   0  0  0  0  0  0  0  0  0  0  0  0
    4.5981    3.5000    0.0000 C   0  0  0  0  0  0  0  0  0  0  0  0
    2.8660    2.5000    0.0000 O   0  0  0  0  0  0  0  0  0  0  0  0
    2.6200    2.0000    0.0000 H   0  0  0  0  0  0  0  0  0  0  0  0
    2.0000    2.6200    0.0000 H   0  0  0  0  0  0  0  0  0  0  0  0
    1.3800    2.0000    0.0000 H   0  0  0  0  0  0  0  0  0  0  0  0
    2.8660    1.1200    0.0000 H   0  0  0  0  0  0  0  0  0  0  0  0
    3.7321    0.3800    0.0000 H   0  0  0  0  0  0  0  0  0  0  0  0
    1.4631   -0.6900    0.0000 H   0  0  0  0  0  0  0  0  0  0  0  0
    1.4631   -2.3100    0.0000 H   0  0  0  0  0  0  0  0  0  0  0  0
    2.2460   -3.5000    0.0000 H   0  0  0  0  0  0  0  0  0  0  0  0
    2.8660   -4.1200    0.0000 H   0  0  0  0  0  0  0  0  0  0  0  0
    3.4860   -3.5000    0.0000 H   0  0  0  0  0  0  0  0  0  0  0  0
    4.2690   -2.3100    0.0000 H   0  0  0  0  0  0  0  0  0  0  0  0
    4.2690   -0.6900    0.0000 H   0  0  0  0  0  0  0  0  0  0  0  0
    5.2181    3.5000    0.0000 H   0  0  0  0  0  0  0  0  0  0  0  0
    4.5981    4.1200    0.0000 H   0  0  0  0  0  0  0  0  0  0  0  0
    3.9781    3.5000    0.0000 H   0  0  0  0  0  0  0  0  0  0  0  0
  2  3  1  0  0  0  0
  4  3  1  0  0  0  0
  4  5  1  0  0  0  0
  4  6  1  0  0  0  0
  6  7  2  0  0  0  0
  7  8  1  0  0  0  0
  8  9  2  0  0  0  0
  9 10  1  0  0  0  0
  9 11  1  0  0  0  0
 11 12  2  0  0  0  0
  6 12  1  0  0  0  0
  5 13  1  0  0  0  0
 13 14  1  0  0  0  0
 14 15  1  0  0  0  0
 13 16  2  0  0  0  0
  5  1  1  0  0  0  0
  2 17  1  0  0  0  0
  2 18  1  0  0  0  0
  2 19  1  0  0  0  0
  4 20  1  0  0  0  0
  5 21  1  0  0  0  0
  7 22  1  0  0  0  0
  8 23  1  0  0  0  0
 10 24  1  0  0  0  0
 10 25  1  0  0  0  0
 10 26  1  0  0  0  0
 11 27  1  0  0  0  0
 12 28  1  0  0  0  0
 15 29  1  0  0  0  0
 15 30  1  0  0  0  0
 15 31  1  0  0  0  0
M  END
> <NSC>
155554

> <CAS_RN>
60456-15-7

> <SMILES>
CO[CH]([CH](Br)C(=O)OC)C1=CC=C(C)C=C1

> <HASH>
ff474dc13a97b956

$$$$
155555
ROtclserve11150011212D 0   0.00000     0.000001049660
 
 32 33  0  0  0  0  0  0  0  0  1 V2000
    5.4641   -0.2500    0.0000 Br  0  0  0  0  0  0  0  0  0  0  0  0
    2.0000   -0.2500    0.0000 C   0  0  0  0  0  0  0  0  0  0  0  0
    2.8660    0.2500    0.0000 O   0  0  0  0  0  0  0  0  0  0  0  0
    3.7321   -0.2500    0.0000 C   0  0  2  0  0  0  0  0  0  0  0  0
    4.5981    0.2500    0.0000 C   0  0  1  0  0  0  0  0  0  0  0  0
    3.7321   -1.2500    0.0000 C   0  0  0  0  0  0  0  0  0  0  0  0
    2.8660   -1.7500    0.0000 C   0  0  0  0  0  0  0  0  0  0  0  0
    2.8660   -2.7500    0.0000 C   0  0  0  0  0  0  0  0  0  0  0  0
    3.7321   -3.2500    0.0000 C   0  0  0  0  0  0  0  0  0  0  0  0
    4.5981   -2.7500    0.0000 C   0  0  0  0  0  0  0  0  0  0  0  0
    4.5981   -1.7500    0.0000 C   0  0  0  0  0  0  0  0  0  0  0  0
    4.5981    1.2500    0.0000 C   0  0  0  0  0  0  0  0  0  0  0  0
    5.4641    1.7500    0.0000 C   0  0  0  0  0  0  0  0  0  0  0  0
    5.4641    2.7500    0.0000 C   0  0  0  0  0  0  0  0  0  0  0  0
    4.5981    3.2500    0.0000 C   0  0  0  0  0  0  0  0  0  0  0  0
    3.7321    2.7500    0.0000 C   0  0  0  0  0  0  0  0  0  0  0  0
    3.7321    1.7500    0.0000 C   0  0  0  0  0  0  0  0  0  0  0  0
    1.6900    0.2869    0.0000 H   0  0  0  0  0  0  0  0  0  0  0  0
    1.4631   -0.5600    0.0000 H   0  0  0  0  0  0  0  0  0  0  0  0
    2.3100   -0.7869    0.0000 H   0  0  0  0  0  0  0  0  0  0  0  0
    3.7321    0.3700    0.0000 H   0  0  0  0  0  0  0  0  0  0  0  0
    4.5981   -0.3700    0.0000 H   0  0  0  0  0  0  0  0  0  0  0  0
    2.3291   -1.4400    0.0000 H   0  0  0  0  0  0  0  0  0  0  0  0
    2.3291   -3.0600    0.0000 H   0  0  0  0  0  0  0  0  0  0  0  0
    3.7321   -3.8700    0.0000 H   0  0  0  0  0  0  0  0  0  0  0  0
    5.1350   -3.0600    0.0000 H   0  0  0  0  0  0  0  0  0  0  0  0
    5.1350   -1.4400    0.0000 H   0  0  0  0  0  0  0  0  0  0  0  0
    6.0010    1.4400    0.0000 H   0  0  0  0  0  0  0  0  0  0  0  0
    6.0010    3.0600    0.0000 H   0  0  0  0  0  0  0  0  0  0  0  0
    4.5981    3.8700    0.0000 H   0  0  0  0  0  0  0  0  0  0  0  0
    3.1951    3.0600    0.0000 H   0  0  0  0  0  0  0  0  0  0  0  0
    3.1951    1.4400    0.0000 H   0  0  0  0  0  0  0  0  0  0  0  0
  2  3  1  0  0  0  0
  4  3  1  0  0  0  0
  4  5  1  0  0  0  0
  4  6  1  0  0  0  0
  6  7  2  0  0  0  0
  7  8  1  0  0  0  0
  8  9  2  0  0  0  0
  9 10  1  0  0  0  0
 10 11  2  0  0  0  0
  6 11  1  0  0  0  0
  5 12  1  0  0  0  0
 12 13  2  0  0  0  0
 13 14  1  0  0  0  0
 14 15  2  0  0  0  0
 15 16  1  0  0  0  0
 16 17  2  0  0  0  0
 12 17  1  0  0  0  0
  5  1  1  0  0  0  0
  2 18  1  0  0  0  0
  2 19  1  0  0  0  0
  2 20  1  0  0  0  0
  4 21  1  0  0  0  0
  5 22  1  0  0  0  0
  7 23  1  0  0  0  0
  8 24  1  0  0  0  0
  9 25  1  0  0  0  0
 10 26  1  0  0  0  0
 11 27  1  0  0  0  0
 13 28  1  0  0  0  0
 14 29  1  0  0  0  0
 15 30  1  0  0  0  0
 16 31  1  0  0  0  0
 17 32  1  0  0  0  0
M  END
> <NSC>
155555

> <SMILES>
CO[CH]([CH](Br)C1=CC=CC=C1)C2=CC=CC=C2

> <HASH>
3505a74cd4704074

$$$$
155556
ROtclserve11150011212D 0   0.00000     0.000001049668
 
 20 20  0  0  0  0  0  0  0  0  1 V2000
    2.0000    1.0000    0.0000 Br  0  0  0  0  0  0  0  0  0  0  0  0
    2.8660    0.5000    0.0000 C   0  0  1  0  0  0  0  0  0  0  0  0
    3.7321    1.0000    0.0000 C   0  0  1  0  0  0  0  0  0  0  0  0
    3.7321    2.0000    0.0000 C   0  0  0  0  0  0  0  0  0  0  0  0
    4.5981    2.5000    0.0000 O   0  0  0  0  0  0  0  0  0  0  0  0
    4.5981    0.5000    0.0000 Br  0  0  0  0  0  0  0  0  0  0  0  0
    2.8660   -0.5000    0.0000 C   0  0  0  0  0  0  0  0  0  0  0  0
    2.0000   -1.0000    0.0000 C   0  0  0  0  0  0  0  0  0  0  0  0
    2.0000   -2.0000    0.0000 C   0  0  0  0  0  0  0  0  0  0  0  0
    2.8660   -2.5000    0.0000 C   0  0  0  0  0  0  0  0  0  0  0  0
    3.7321   -2.0000    0.0000 C   0  0  0  0  0  0  0  0  0  0  0  0
    3.7321   -1.0000    0.0000 C   0  0  0  0  0  0  0  0  0  0  0  0
    2.8660    1.1200    0.0000 H   0  0  0  0  0  0  0  0  0  0  0  0
    3.7321    0.3800    0.0000 H   0  0  0  0  0  0  0  0  0  0  0  0
    3.1951    2.3100    0.0000 H   0  0  0  0  0  0  0  0  0  0  0  0
    1.4631   -0.6900    0.0000 H   0  0  0  0  0  0  0  0  0  0  0  0
    1.4631   -2.3100    0.0000 H   0  0  0  0  0  0  0  0  0  0  0  0
    2.8660   -3.1200    0.0000 H   0  0  0  0  0  0  0  0  0  0  0  0
    4.2690   -2.3100    0.0000 H   0  0  0  0  0  0  0  0  0  0  0  0
    4.2690   -0.6900    0.0000 H   0  0  0  0  0  0  0  0  0  0  0  0
  2  3  1  0  0  0  0
  3  4  1  0  0  0  0
  4  5  2  0  0  0  0
  2  7  1  0  0  0  0
  7  8  2  0  0  0  0
  8  9  1  0  0  0  0
  9 10  2  0  0  0  0
 10 11  1  0  0  0  0
 11 12  2  0  0  0  0
  7 12  1  0  0  0  0
  2  1  1  0  0  0  0
  3  6  1  0  0  0  0
  2 13  1  0  0  0  0
  3 14  1  0  0  0  0
  4 15  1  0  0  0  0
  8 16  1  0  0  0  0
  9 17  1  0  0  0  0
 10 18  1  0  0  0  0
 11 19  1  0  0  0  0
 12 20  1  0  0  0  0
M  END
> <NSC>
155556

> <CAS_RN>
62248-40-2

> <SMILES>
Br[CH](C=O)[CH](Br)C1=CC=CC=C1

> <HASH>
ea13a23e801d5c66

$$$$
155557
ROtclserve11150011212D 0   0.00000     0.000001049679
 
 20 20  0  0  0  0  0  0  0  0  1 V2000
    4.5981    3.0000    0.0000 O   0  0  0  0  0  0  0  0  0  0  0  0
    4.5981    2.0000    0.0000 C   0  0  0  0  0  0  0  0  0  0  0  0
    3.7321    1.5000    0.0000 C   0  0  0  0  0  0  0  0  0  0  0  0
    3.7321    0.5000    0.0000 C   0  0  0  0  0  0  0  0  0  0  0  0
    2.8660    0.0000    0.0000 N   0  0  0  0  0  0  0  0  0  0  0  0
    2.8660   -1.0000    0.0000 C   0  0  0  0  0  0  0  0  0  0  0  0
    2.0000   -1.5000    0.0000 C   0  0  0  0  0  0  0  0  0  0  0  0
    2.0000   -2.5000    0.0000 C   0  0  0  0  0  0  0  0  0  0  0  0
    2.8660   -3.0000    0.0000 C   0  0  0  0  0  0  0  0  0  0  0  0
    3.7321   -2.5000    0.0000 C   0  0  0  0  0  0  0  0  0  0  0  0
    3.7321   -1.5000    0.0000 C   0  0  0  0  0  0  0  0  0  0  0  0
    5.1350    1.6900    0.0000 H   0  0  0  0  0  0  0  0  0  0  0  0
    3.1951    1.8100    0.0000 H   0  0  0  0  0  0  0  0  0  0  0  0
    4.2690    0.1900    0.0000 H   0  0  0  0  0  0  0  0  0  0  0  0
    2.3291    0.3100    0.0000 H   0  0  0  0  0  0  0  0  0  0  0  0
    1.4631   -1.1900    0.0000 H   0  0  0  0  0  0  0  0  0  0  0  0
    1.4631   -2.8100    0.0000 H   0  0  0  0  0  0  0  0  0  0  0  0
    2.8660   -3.6200    0.0000 H   0  0  0  0  0  0  0  0  0  0  0  0
    4.2690   -2.8100    0.0000 H   0  0  0  0  0  0  0  0  0  0  0  0
    4.2690   -1.1900    0.0000 H   0  0  0  0  0  0  0  0  0  0  0  0
  1  2  2  0  0  0  0
  2  3  1  0  0  0  0
  3  4  2  0  0  0  0
  4  5  1  0  0  0  0
  5  6  1  0  0  0  0
  6  7  2  0  0  0  0
  7  8  1  0  0  0  0
  8  9  2  0  0  0  0
  9 10  1  0  0  0  0
 10 11  2  0  0  0  0
  6 11  1  0  0  0  0
  2 12  1  0  0  0  0
  3 13  1  0  0  0  0
  4 14  1  0  0  0  0
  5 15  1  0  0  0  0
  7 16  1  0  0  0  0
  8 17  1  0  0  0  0
  9 18  1  0  0  0  0
 10 19  1  0  0  0  0
 11 20  1  0  0  0  0
M  END
> <NSC>
155557

> <CAS_RN>
25299-39-2

> <SMILES>
O=CC=CNC1=CC=CC=C1

> <HASH>
39ade307fa9367dc

$$$$
155558
ROtclserve11150011212D 0   0.00000     0.000001049681
 
 36 37  0  0  0  0  0  0  0  0  1 V2000
    6.3301    0.2500    0.0000 C   0  0  0  0  0  0  0  0  0  0  0  0
    5.4641   -0.2500    0.0000 O   0  0  0  0  0  0  0  0  0  0  0  0
    4.5981    0.2500    0.0000 C   0  0  1  0  0  0  0  0  0  0  0  0
    3.7321   -0.2500    0.0000 C   0  0  1  0  0  0  0  0  0  0  0  0
    2.8660    0.2500    0.0000 O   0  0  0  0  0  0  0  0  0  0  0  0
    2.0000   -0.2500    0.0000 C   0  0  0  0  0  0  0  0  0  0  0  0
    3.7321   -1.2500    0.0000 C   0  0  0  0  0  0  0  0  0  0  0  0
    2.8660   -1.7500    0.0000 C   0  0  0  0  0  0  0  0  0  0  0  0
    2.8660   -2.7500    0.0000 C   0  0  0  0  0  0  0  0  0  0  0  0
    3.7321   -3.2500    0.0000 C   0  0  0  0  0  0  0  0  0  0  0  0
    4.5981   -2.7500    0.0000 C   0  0  0  0  0  0  0  0  0  0  0  0
    4.5981   -1.7500    0.0000 C   0  0  0  0  0  0  0  0  0  0  0  0
    4.5981    1.2500    0.0000 C   0  0  0  0  0  0  0  0  0  0  0  0
    5.4641    1.7500    0.0000 C   0  0  0  0  0  0  0  0  0  0  0  0
    5.4641    2.7500    0.0000 C   0  0  0  0  0  0  0  0  0  0  0  0
    4.5981    3.2500    0.0000 C   0  0  0  0  0  0  0  0  0  0  0  0
    3.7321    2.7500    0.0000 C   0  0  0  0  0  0  0  0  0  0  0  0
    3.7321    1.7500    0.0000 C   0  0  0  0  0  0  0  0  0  0  0  0
    6.6401   -0.2869    0.0000 H   0  0  0  0  0  0  0  0  0  0  0  0
    6.8671    0.5600    0.0000 H   0  0  0  0  0  0  0  0  0  0  0  0
    6.0201    0.7869    0.0000 H   0  0  0  0  0  0  0  0  0  0  0  0
    4.5981   -0.3700    0.0000 H   0  0  0  0  0  0  0  0  0  0  0  0
    3.7321    0.3700    0.0000 H   0  0  0  0  0  0  0  0  0  0  0  0
    1.6900    0.2869    0.0000 H   0  0  0  0  0  0  0  0  0  0  0  0
    1.4631   -0.5600    0.0000 H   0  0  0  0  0  0  0  0  0  0  0  0
    2.3100   -0.7869    0.0000 H   0  0  0  0  0  0  0  0  0  0  0  0
    2.3291   -1.4400    0.0000 H   0  0  0  0  0  0  0  0  0  0  0  0
    2.3291   -3.0600    0.0000 H   0  0  0  0  0  0  0  0  0  0  0  0
    3.7321   -3.8700    0.0000 H   0  0  0  0  0  0  0  0  0  0  0  0
    5.1350   -3.0600    0.0000 H   0  0  0  0  0  0  0  0  0  0  0  0
    5.1350   -1.4400    0.0000 H   0  0  0  0  0  0  0  0  0  0  0  0
    6.0010    1.4400    0.0000 H   0  0  0  0  0  0  0  0  0  0  0  0
    6.0010    3.0600    0.0000 H   0  0  0  0  0  0  0  0  0  0  0  0
    4.5981    3.8700    0.0000 H   0  0  0  0  0  0  0  0  0  0  0  0
    3.1951    3.0600    0.0000 H   0  0  0  0  0  0  0  0  0  0  0  0
    3.1951    1.4400    0.0000 H   0  0  0  0  0  0  0  0  0  0  0  0
  1  2  1  0  0  0  0
  3  2  1  0  0  0  0
  3  4  1  0  0  0  0
  4  5  1  0  0  0  0
  5  6  1  0  0  0  0
  4  7  1  0  0  0  0
  7  8  2  0  0  0  0
  8  9  1  0  0  0  0
  9 10  2  0  0  0  0
 10 11  1  0  0  0  0
 11 12  2  0  0  0  0
  7 12  1  0  0  0  0
  3 13  1  0  0  0  0
 13 14  2  0  0  0  0
 14 15  1  0  0  0  0
 15 16  2  0  0  0  0
 16 17  1  0  0  0  0
 17 18  2  0  0  0  0
 13 18  1  0  0  0  0
  1 19  1  0  0  0  0
  1 20  1  0  0  0  0
  1 21  1  0  0  0  0
  3 22  1  0  0  0  0
  4 23  1  0  0  0  0
  6 24  1  0  0  0  0
  6 25  1  0  0  0  0
  6 26  1  0  0  0  0
  8 27  1  0  0  0  0
  9 28  1  0  0  0  0
 10 29  1  0  0  0  0
 11 30  1  0  0  0  0
 12 31  1  0  0  0  0
 14 32  1  0  0  0  0
 15 33  1  0  0  0  0
 16 34  1  0  0  0  0
 17 35  1  0  0  0  0
 18 36  1  0  0  0  0
M  END
> <NSC>
155558

> <CAS_RN>
3962-43-4

> <SMILES>
CO[CH]([CH](OC)C1=CC=CC=C1)C2=CC=CC=C2

> <HASH>
bebdd4aaf3c159f8

$$$$
155559
ROtclserve11150011212D 0   0.00000     0.000001049694
 
 22 22  0  0  0  0  0  0  0  0  1 V2000
    2.8660    2.5000    0.0000 O   0  0  0  0  0  0  0  0  0  0  0  0
    3.7321    2.0000    0.0000 C   0  0  0  0  0  0  0  0  0  0  0  0
    3.7321    1.0000    0.0000 C   0  0  0  0  0  0  0  0  0  0  0  0
    2.8660    0.5000    0.0000 C   0  0  0  0  0  0  0  0  0  0  0  0
    2.8660   -0.5000    0.0000 C   0  0  0  0  0  0  0  0  0  0  0  0
    2.8660   -3.5000    0.0000 Cl  0  0  0  0  0  0  0  0  0  0  0  0
    2.8660   -2.5000    0.0000 C   0  0  0  0  0  0  0  0  0  0  0  0
    2.0000   -2.0000    0.0000 C   0  0  0  0  0  0  0  0  0  0  0  0
    2.0000   -1.0000    0.0000 C   0  0  0  0  0  0  0  0  0  0  0  0
    3.7321   -2.0000    0.0000 C   0  0  0  0  0  0  0  0  0  0  0  0
    3.7321   -1.0000    0.0000 C   0  0  0  0  0  0  0  0  0  0  0  0
    4.5981    2.5000    0.0000 O   0  0  0  0  0  0  0  0  0  0  0  0
    4.5981    3.5000    0.0000 C   0  0  0  0  0  0  0  0  0  0  0  0
    4.2690    0.6900    0.0000 H   0  0  0  0  0  0  0  0  0  0  0  0
    2.3291    0.8100    0.0000 H   0  0  0  0  0  0  0  0  0  0  0  0
    1.4631   -2.3100    0.0000 H   0  0  0  0  0  0  0  0  0  0  0  0
    1.4631   -0.6900    0.0000 H   0  0  0  0  0  0  0  0  0  0  0  0
    4.2690   -2.3100    0.0000 H   0  0  0  0  0  0  0  0  0  0  0  0
    4.2690   -0.6900    0.0000 H   0  0  0  0  0  0  0  0  0  0  0  0
    5.2181    3.5000    0.0000 H   0  0  0  0  0  0  0  0  0  0  0  0
    4.5981    4.1200    0.0000 H   0  0  0  0  0  0  0  0  0  0  0  0
    3.9781    3.5000    0.0000 H   0  0  0  0  0  0  0  0  0  0  0  0
  1  2  2  0  0  0  0
  2  3  1  0  0  0  0
  3  4  2  0  0  0  0
  4  5  1  0  0  0  0
  6  7  1  0  0  0  0
  7  8  2  0  0  0  0
  8  9  1  0  0  0  0
  5  9  2  0  0  0  0
  7 10  1  0  0  0  0
 10 11  2  0  0  0  0
  5 11  1  0  0  0  0
  2 12  1  0  0  0  0
 12 13  1  0  0  0  0
  3 14  1  0  0  0  0
  4 15  1  0  0  0  0
  8 16  1  0  0  0  0
  9 17  1  0  0  0  0
 10 18  1  0  0  0  0
 11 19  1  0  0  0  0
 13 20  1  0  0  0  0
 13 21  1  0  0  0  0
 13 22  1  0  0  0  0
M  END
> <NSC>
155559

> <CAS_RN>
7560-44-3

> <SMILES>
COC(=O)C=CC1=CC=C(Cl)C=C1

> <HASH>
e8d38e10b83f66a9

$$$$
155560
ROtclserve11150011212D 0   0.00000     0.000001049695
 
 28 28  0  0  0  0  0  0  0  0  1 V2000
    4.5981    0.0000    0.0000 Br  0  0  0  0  0  0  0  0  0  0  0  0
    2.0000    1.5000    0.0000 C   0  0  0  0  0  0  0  0  0  0  0  0
    2.0000    0.5000    0.0000 O   0  0  0  0  0  0  0  0  0  0  0  0
    2.8660    0.0000    0.0000 C   0  0  2  0  0  0  0  0  0  0  0  0
    3.7321    0.5000    0.0000 C   0  0  2  0  0  0  0  0  0  0  0  0
    2.8660   -1.0000    0.0000 C   0  0  0  0  0  0  0  0  0  0  0  0
    2.0000   -1.5000    0.0000 C   0  0  0  0  0  0  0  0  0  0  0  0
    2.0000   -2.5000    0.0000 C   0  0  0  0  0  0  0  0  0  0  0  0
    2.8660   -3.0000    0.0000 C   0  0  0  0  0  0  0  0  0  0  0  0
    3.7321   -2.5000    0.0000 C   0  0  0  0  0  0  0  0  0  0  0  0
    3.7321   -1.5000    0.0000 C   0  0  0  0  0  0  0  0  0  0  0  0
    3.7321    1.5000    0.0000 C   0  0  0  0  0  0  0  0  0  0  0  0
    4.5981    2.0000    0.0000 O   0  0  0  0  0  0  0  0  0  0  0  0
    4.5981    3.0000    0.0000 C   0  0  0  0  0  0  0  0  0  0  0  0
    2.8660    2.0000    0.0000 O   0  0  0  0  0  0  0  0  0  0  0  0
    2.6200    1.5000    0.0000 H   0  0  0  0  0  0  0  0  0  0  0  0
    2.0000    2.1200    0.0000 H   0  0  0  0  0  0  0  0  0  0  0  0
    1.3800    1.5000    0.0000 H   0  0  0  0  0  0  0  0  0  0  0  0
    2.8660    0.6200    0.0000 H   0  0  0  0  0  0  0  0  0  0  0  0
    3.7321   -0.1200    0.0000 H   0  0  0  0  0  0  0  0  0  0  0  0
    1.4631   -1.1900    0.0000 H   0  0  0  0  0  0  0  0  0  0  0  0
    1.4631   -2.8100    0.0000 H   0  0  0  0  0  0  0  0  0  0  0  0
    2.8660   -3.6200    0.0000 H   0  0  0  0  0  0  0  0  0  0  0  0
    4.2690   -2.8100    0.0000 H   0  0  0  0  0  0  0  0  0  0  0  0
    4.2690   -1.1900    0.0000 H   0  0  0  0  0  0  0  0  0  0  0  0
    5.2181    3.0000    0.0000 H   0  0  0  0  0  0  0  0  0  0  0  0
    4.5981    3.6200    0.0000 H   0  0  0  0  0  0  0  0  0  0  0  0
    3.9781    3.0000    0.0000 H   0  0  0  0  0  0  0  0  0  0  0  0
  2  3  1  0  0  0  0
  4  3  1  0  0  0  0
  4  5  1  0  0  0  0
  4  6  1  0  0  0  0
  6  7  2  0  0  0  0
  7  8  1  0  0  0  0
  8  9  2  0  0  0  0
  9 10  1  0  0  0  0
 10 11  2  0  0  0  0
  6 11  1  0  0  0  0
  5 12  1  0  0  0  0
 12 13  1  0  0  0  0
 13 14  1  0  0  0  0
 12 15  2  0  0  0  0
  5  1  1  0  0  0  0
  2 16  1  0  0  0  0
  2 17  1  0  0  0  0
  2 18  1  0  0  0  0
  4 19  1  0  0  0  0
  5 20  1  0  0  0  0
  7 21  1  0  0  0  0
  8 22  1  0  0  0  0
  9 23  1  0  0  0  0
 10 24  1  0  0  0  0
 11 25  1  0  0  0  0
 14 26  1  0  0  0  0
 14 27  1  0  0  0  0
 14 28  1  0  0  0  0
M  END
> <NSC>
155560

> <CAS_RN>
60456-13-5

> <SMILES>
CO[CH]([CH](Br)C(=O)OC)C1=CC=CC=C1

> <HASH>
467d052d951811b6

$$$$
155561
ROtclserve11150011212D 0   0.00000     0.000001049713
 
 22 22  0  0  0  0  0  0  0  0  1 V2000
    4.5981    1.7500    0.0000 C   0  0  0  0  0  0  0  0  0  0  0  0
    3.7321    1.2500    0.0000 O   0  0  0  0  0  0  0  0  0  0  0  0
    3.7321    0.2500    0.0000 C   0  0  1  0  0  0  0  0  0  0  0  0
    2.8660   -0.2500    0.0000 C   0  0  1  0  0  0  0  0  0  0  0  0
    2.8660   -1.2500    0.0000 C   0  0  0  0  0  0  0  0  0  0  0  0
    3.7321   -1.7500    0.0000 C   0  0  0  0  0  0  0  0  0  0  0  0
    4.5981   -1.2500    0.0000 C   0  0  0  0  0  0  0  0  0  0  0  0
    4.5981   -0.2500    0.0000 C   0  0  0  0  0  0  0  0  0  0  0  0
    2.0000    0.2500    0.0000 I   0  0  0  0  0  0  0  0  0  0  0  0
    4.9081    1.2131    0.0000 H   0  0  0  0  0  0  0  0  0  0  0  0
    5.1350    2.0600    0.0000 H   0  0  0  0  0  0  0  0  0  0  0  0
    4.2881    2.2869    0.0000 H   0  0  0  0  0  0  0  0  0  0  0  0
    4.2690    0.5600    0.0000 H   0  0  0  0  0  0  0  0  0  0  0  0
    2.8660    0.3700    0.0000 H   0  0  0  0  0  0  0  0  0  0  0  0
    2.2554   -1.1423    0.0000 H   0  0  0  0  0  0  0  0  0  0  0  0
    2.6540   -1.8326    0.0000 H   0  0  0  0  0  0  0  0  0  0  0  0
    3.3335   -2.2249    0.0000 H   0  0  0  0  0  0  0  0  0  0  0  0
    4.1306   -2.2249    0.0000 H   0  0  0  0  0  0  0  0  0  0  0  0
    4.8101   -1.8326    0.0000 H   0  0  0  0  0  0  0  0  0  0  0  0
    5.2087   -1.1423    0.0000 H   0  0  0  0  0  0  0  0  0  0  0  0
    5.2087   -0.3577    0.0000 H   0  0  0  0  0  0  0  0  0  0  0  0
    4.8101    0.3326    0.0000 H   0  0  0  0  0  0  0  0  0  0  0  0
  1  2  1  0  0  0  0
  3  2  1  0  0  0  0
  3  4  1  0  0  0  0
  4  5  1  0  0  0  0
  5  6  1  0  0  0  0
  6  7  1  0  0  0  0
  7  8  1  0  0  0  0
  3  8  1  0  0  0  0
  4  9  1  0  0  0  0
  1 10  1  0  0  0  0
  1 11  1  0  0  0  0
  1 12  1  0  0  0  0
  3 13  1  0  0  0  0
  4 14  1  0  0  0  0
  5 15  1  0  0  0  0
  5 16  1  0  0  0  0
  6 17  1  0  0  0  0
  6 18  1  0  0  0  0
  7 19  1  0  0  0  0
  7 20  1  0  0  0  0
  8 21  1  0  0  0  0
  8 22  1  0  0  0  0
M  END
> <NSC>
155561

> <CAS_RN>
67038-61-3

> <SMILES>
CO[CH]1CCCC[CH]1I

> <HASH>
c8a9a4f9d70c7909

$$$$
155562
ROtclserve11150011212D 0   0.00000     0.000001049730
 
 30 28  0  0  0  0  0  0  0  0  1 V2000
    3.7321   -0.7500    0.0000 O   0  0  0  0  0  0  0  0  0  0  0  0
    3.7321    0.2500    0.0000 C   0  0  0  0  0  0  0  0  0  0  0  0
    4.5981    0.7500    0.0000 C   0  0  0  0  0  0  0  0  0  0  0  0
    5.4641    0.2500    0.0000 C   0  0  0  0  0  0  0  0  0  0  0  0
    6.3301    0.7500    0.0000 C   0  0  0  0  0  0  0  0  0  0  0  0
    2.8660    0.7500    0.0000 O   0  0  0  0  0  0  0  0  0  0  0  0
    2.0000    0.2500    0.0000 C   0  0  0  0  0  0  0  0  0  0  0  0
    4.5981    1.3700    0.0000 H   0  0  0  0  0  0  0  0  0  0  0  0
    5.4641   -0.3700    0.0000 H   0  0  0  0  0  0  0  0  0  0  0  0
    6.6401    0.2131    0.0000 H   0  0  0  0  0  0  0  0  0  0  0  0
    6.8671    1.0600    0.0000 H   0  0  0  0  0  0  0  0  0  0  0  0
    6.0201    1.2869    0.0000 H   0  0  0  0  0  0  0  0  0  0  0  0
    1.6900    0.7869    0.0000 H   0  0  0  0  0  0  0  0  0  0  0  0
    1.4631   -0.0600    0.0000 H   0  0  0  0  0  0  0  0  0  0  0  0
    2.3100   -0.2869    0.0000 H   0  0  0  0  0  0  0  0  0  0  0  0
   10.0622   -0.7500    0.0000 O   0  0  0  0  0  0  0  0  0  0  0  0
   10.0622    0.2500    0.0000 C   0  0  0  0  0  0  0  0  0  0  0  0
   10.9282    0.7500    0.0000 C   0  0  0  0  0  0  0  0  0  0  0  0
   11.7942    0.2500    0.0000 C   0  0  0  0  0  0  0  0  0  0  0  0
   12.6603    0.7500    0.0000 C   0  0  0  0  0  0  0  0  0  0  0  0
    9.1962    0.7500    0.0000 O   0  0  0  0  0  0  0  0  0  0  0  0
    8.3301    0.2500    0.0000 C   0  0  0  0  0  0  0  0  0  0  0  0
   10.9282    1.3700    0.0000 H   0  0  0  0  0  0  0  0  0  0  0  0
   11.7942   -0.3700    0.0000 H   0  0  0  0  0  0  0  0  0  0  0  0
   12.9703    0.2131    0.0000 H   0  0  0  0  0  0  0  0  0  0  0  0
   13.1972    1.0600    0.0000 H   0  0  0  0  0  0  0  0  0  0  0  0
   12.3503    1.2869    0.0000 H   0  0  0  0  0  0  0  0  0  0  0  0
    8.0201    0.7869    0.0000 H   0  0  0  0  0  0  0  0  0  0  0  0
    7.7932   -0.0600    0.0000 H   0  0  0  0  0  0  0  0  0  0  0  0
    8.6401   -0.2869    0.0000 H   0  0  0  0  0  0  0  0  0  0  0  0
  1  2  2  0  0  0  0
  2  3  1  0  0  0  0
  3  4  2  0  0  0  0
  4  5  1  0  0  0  0
  2  6  1  0  0  0  0
  6  7  1  0  0  0  0
  3  8  1  0  0  0  0
  4  9  1  0  0  0  0
  5 10  1  0  0  0  0
  5 11  1  0  0  0  0
  5 12  1  0  0  0  0
  7 13  1  0  0  0  0
  7 14  1  0  0  0  0
  7 15  1  0  0  0  0
 16 17  2  0  0  0  0
 17 18  1  0  0  0  0
 18 19  2  0  0  0  0
 19 20  1  0  0  0  0
 17 21  1  0  0  0  0
 21 22  1  0  0  0  0
 18 23  1  0  0  0  0
 19 24  1  0  0  0  0
 20 25  1  0  0  0  0
 20 26  1  0  0  0  0
 20 27  1  0  0  0  0
 22 28  1  0  0  0  0
 22 29  1  0  0  0  0
 22 30  1  0  0  0  0
M  END
> <NSC>
155562

> <SMILES>
COC(=O)C=CC.COC(=O)C=CC

> <HASH>
622270eb38c79a99

$$$$
155563
ROtclserve11150011212D 0   0.00000     0.000001049731
 
 22 22  0  0  0  0  0  0  0  0  1 V2000
    2.0000    2.2500    0.0000 Br  0  0  0  0  0  0  0  0  0  0  0  0
    3.7321    2.2500    0.0000 C   0  0  0  0  0  0  0  0  0  0  0  0
    3.7321    1.2500    0.0000 O   0  0  0  0  0  0  0  0  0  0  0  0
    2.8660    0.7500    0.0000 C   0  0  2  0  0  0  0  0  0  0  0  0
    2.0000    1.2500    0.0000 C   0  0  0  0  0  0  0  0  0  0  0  0
    2.8660   -0.2500    0.0000 C   0  0  0  0  0  0  0  0  0  0  0  0
    2.0000   -0.7500    0.0000 C   0  0  0  0  0  0  0  0  0  0  0  0
    2.0000   -1.7500    0.0000 C   0  0  0  0  0  0  0  0  0  0  0  0
    2.8660   -2.2500    0.0000 C   0  0  0  0  0  0  0  0  0  0  0  0
    3.7321   -1.7500    0.0000 C   0  0  0  0  0  0  0  0  0  0  0  0
    3.7321   -0.7500    0.0000 C   0  0  0  0  0  0  0  0  0  0  0  0
    4.3521    2.2500    0.0000 H   0  0  0  0  0  0  0  0  0  0  0  0
    3.7321    2.8700    0.0000 H   0  0  0  0  0  0  0  0  0  0  0  0
    3.1121    2.2500    0.0000 H   0  0  0  0  0  0  0  0  0  0  0  0
    2.8660    1.3700    0.0000 H   0  0  0  0  0  0  0  0  0  0  0  0
    1.3894    1.3577    0.0000 H   0  0  0  0  0  0  0  0  0  0  0  0
    1.7879    0.6674    0.0000 H   0  0  0  0  0  0  0  0  0  0  0  0
    1.4631   -0.4400    0.0000 H   0  0  0  0  0  0  0  0  0  0  0  0
    1.4631   -2.0600    0.0000 H   0  0  0  0  0  0  0  0  0  0  0  0
    2.8660   -2.8700    0.0000 H   0  0  0  0  0  0  0  0  0  0  0  0
    4.2690   -2.0600    0.0000 H   0  0  0  0  0  0  0  0  0  0  0  0
    4.2690   -0.4400    0.0000 H   0  0  0  0  0  0  0  0  0  0  0  0
  2  3  1  0  0  0  0
  4  3  1  0  0  0  0
  4  5  1  0  0  0  0
  4  6  1  0  0  0  0
  6  7  2  0  0  0  0
  7  8  1  0  0  0  0
  8  9  2  0  0  0  0
  9 10  1  0  0  0  0
 10 11  2  0  0  0  0
  6 11  1  0  0  0  0
  1  5  1  0  0  0  0
  2 12  1  0  0  0  0
  2 13  1  0  0  0  0
  2 14  1  0  0  0  0
  4 15  1  0  0  0  0
  5 16  1  0  0  0  0
  5 17  1  0  0  0  0
  7 18  1  0  0  0  0
  8 19  1  0  0  0  0
  9 20  1  0  0  0  0
 10 21  1  0  0  0  0
 11 22  1  0  0  0  0
M  END
> <NSC>
155563

> <CAS_RN>
13685-00-2

> <SMILES>
CO[CH](CBr)C1=CC=CC=C1

> <HASH>
efc43f8eba47ab6b

$$$$
155564
ROtclserve11150011212D 0   0.00000     0.000001049739
 
 21 20  0  0  0  0  0  0  0  0  1 V2000
    4.5981   -1.2500    0.0000 Br  0  0  0  0  0  0  0  0  0  0  0  0
    7.1962    0.2500    0.0000 C   0  0  0  0  0  0  0  0  0  0  0  0
    6.3301   -0.2500    0.0000 O   0  0  0  0  0  0  0  0  0  0  0  0
    5.4641    0.2500    0.0000 C   0  0  1  0  0  0  0  0  0  0  0  0
    4.5981   -0.2500    0.0000 C   0  0  2  0  0  0  0  0  0  0  0  0
    5.4641    1.2500    0.0000 C   0  0  0  0  0  0  0  0  0  0  0  0
    3.7321    0.2500    0.0000 C   0  0  0  0  0  0  0  0  0  0  0  0
    2.8660   -0.2500    0.0000 O   0  0  0  0  0  0  0  0  0  0  0  0
    2.0000    0.2500    0.0000 C   0  0  0  0  0  0  0  0  0  0  0  0
    3.7321    1.2500    0.0000 O   0  0  0  0  0  0  0  0  0  0  0  0
    7.5062   -0.2869    0.0000 H   0  0  0  0  0  0  0  0  0  0  0  0
    7.7331    0.5600    0.0000 H   0  0  0  0  0  0  0  0  0  0  0  0
    6.8862    0.7869    0.0000 H   0  0  0  0  0  0  0  0  0  0  0  0
    5.4641   -0.3700    0.0000 H   0  0  0  0  0  0  0  0  0  0  0  0
    5.1350   -0.5600    0.0000 H   0  0  0  0  0  0  0  0  0  0  0  0
    6.0841    1.2500    0.0000 H   0  0  0  0  0  0  0  0  0  0  0  0
    5.4641    1.8700    0.0000 H   0  0  0  0  0  0  0  0  0  0  0  0
    4.8441    1.2500    0.0000 H   0  0  0  0  0  0  0  0  0  0  0  0
    2.3100    0.7869    0.0000 H   0  0  0  0  0  0  0  0  0  0  0  0
    1.4631    0.5600    0.0000 H   0  0  0  0  0  0  0  0  0  0  0  0
    1.6900   -0.2869    0.0000 H   0  0  0  0  0  0  0  0  0  0  0  0
  2  3  1  0  0  0  0
  4  3  1  0  0  0  0
  4  5  1  0  0  0  0
  4  6  1  0  0  0  0
  5  7  1  0  0  0  0
  7  8  1  0  0  0  0
  8  9  1  0  0  0  0
  7 10  2  0  0  0  0
  5  1  1  0  0  0  0
  2 11  1  0  0  0  0
  2 12  1  0  0  0  0
  2 13  1  0  0  0  0
  4 14  1  0  0  0  0
  5 15  1  0  0  0  0
  6 16  1  0  0  0  0
  6 17  1  0  0  0  0
  6 18  1  0  0  0  0
  9 19  1  0  0  0  0
  9 20  1  0  0  0  0
  9 21  1  0  0  0  0
M  END
> <NSC>
155564

> <SMILES>
CO[CH](C)[CH](Br)C(=O)OC

> <HASH>
8d4bc804044bff77

$$$$
155565
ROtclserve11150011212D 0   0.00000     0.000001049755
 
 20 20  0  0  0  0  0  0  0  0  1 V2000
    3.7321    1.7500    0.0000 C   0  0  0  0  0  0  0  0  0  0  0  0
    2.8660    1.2500    0.0000 O   0  0  0  0  0  0  0  0  0  0  0  0
    2.8660    0.2500    0.0000 C   0  0  2  0  0  0  0  0  0  0  0  0
    2.0000   -0.2500    0.0000 C   0  0  0  0  0  0  0  0  0  0  0  0
    2.0000   -1.2500    0.0000 C   0  0  0  0  0  0  0  0  0  0  0  0
    2.8660   -1.7500    0.0000 C   0  0  0  0  0  0  0  0  0  0  0  0
    3.7321   -1.2500    0.0000 C   0  0  0  0  0  0  0  0  0  0  0  0
    3.7321   -0.2500    0.0000 C   0  0  0  0  0  0  0  0  0  0  0  0
    4.0421    1.2131    0.0000 H   0  0  0  0  0  0  0  0  0  0  0  0
    4.2690    2.0600    0.0000 H   0  0  0  0  0  0  0  0  0  0  0  0
    3.4221    2.2869    0.0000 H   0  0  0  0  0  0  0  0  0  0  0  0
    3.4030    0.5600    0.0000 H   0  0  0  0  0  0  0  0  0  0  0  0
    1.7879    0.3326    0.0000 H   0  0  0  0  0  0  0  0  0  0  0  0
    1.3894   -0.3577    0.0000 H   0  0  0  0  0  0  0  0  0  0  0  0
    1.3894   -1.1423    0.0000 H   0  0  0  0  0  0  0  0  0  0  0  0
    1.7879   -1.8326    0.0000 H   0  0  0  0  0  0  0  0  0  0  0  0
    2.4675   -2.2249    0.0000 H   0  0  0  0  0  0  0  0  0  0  0  0
    3.2646   -2.2249    0.0000 H   0  0  0  0  0  0  0  0  0  